49.4328 16.3762 0 29.6756 33.1234 0 0 18.689 
53.2715 16.6166 0 18.6262 0 0 0 18.8815 
53.0342 16.5138 0 19.0909 0 0 0 18.8177 
53.1329 16.3652 0 17.954 0 0 0 21.2262 
53.0501 16.4899 0 17.2818 0 0 0 28.412 
53.4401 16.5597 0 16.815 0 0 0 28.0869 
54.0564 16.5737 0 17.0424 0 0 0 18.7359 
54.1771 16.5088 0 17.57 0 0 0 18.7209 
54.5661 16.5827 0 17.9719 0 0 0 18.9782 
54.985 16.5507 0 17.4344 0 0 0 18.8805 
55.8107 16.469 0 16.8709 0 0 0 18.7518 
56.7433 16.6934 0 17.3207 0 0 0 18.8695 
58.1714 16.6774 0 17.5221 0 0 0 18.6322 
59.1628 16.6106 0 18.6661 0 0 0 18.6142 
60.19 16.9267 0 18.9563 0 0 0 18.7878 
61.6631 17.0285 0 19.0989 0 0 0 18.7538 
63.2469 17.199 0 24.8805 0 0 0 18.693 
65.6165 17.4114 0 674.186 0 0 0 18.701 
70.0477 18.1016 0 413.948 0 0 0 18.7459 
66.5969 17.8752 0 40.8817 0 0 0 18.7289 
66.6787 17.7376 0 39.8654 0 0 0 18.691 
67.0168 17.6638 0 35.1839 0 0 0 19.1608 
67.3778 17.5182 0 33.4855 0 0 0 18.5833 
66.7206 17.7296 0 36.1284 0 0 0 18.694 
66.7056 17.6309 0 33.65 0 0 0 18.8765 
66.8303 17.6837 0 31.8159 0 0 0 18.6272 
66.7256 17.592 0 34.1816 0 0 0 19.0211 
66.8293 17.7206 0 33.0556 0 0 0 18.709 
66.6029 17.5501 0 32.4053 0 0 0 18.8566 
66.5121 17.7805 0 33.4176 0 0 0 19.0999 
66.6029 17.585 0 33.8585 0 0 0 19.44 
66.6478 17.7346 0 37.1995 0 0 0 18.9573 
66.4204 17.6538 0 34.034 0 0 0 18.9772 
66.8223 17.561 0 33.5593 0 0 0 18.6491 
66.8243 17.6997 0 34.1447 0 0 0 18.8386 
66.4343 17.589 0 36.0227 0 0 0 19.089 
67.0347 17.6408 0 34.8797 0 0 0 18.7279 
66.7734 17.8951 0 35.0732 0 0 0 18.7768 
66.8492 17.6169 0 33.4785 0 0 0 19.0151 
67.0816 17.6767 0 33.6959 0 0 0 18.706 
66.8642 17.6249 0 32.9938 0 0 0 18.714 
67.0477 17.7047 0 36.3608 0 0 0 18.7977 
67.1773 17.7176 0 35.9 0 0 0 18.8197 
67.0417 17.7296 0 35.51 0 0 0 18.7389 
67.1584 17.6199 0 37.5187 0 0 0 18.9643 
67.5284 17.7037 0 37.38 0 0 0 18.6531 
67.5673 17.7316 0 37.6284 0 0 0 18.9094 
67.5294 17.7386 0 39.8764 0 0 0 18.9563 
67.5125 17.7346 0 41.136 0 0 0 18.9812 
67.6999 17.7346 0 37.387 0 0 0 19.1199 
67.9433 17.6787 0 37.9156 0 0 0 18.7907 
67.8366 17.7047 0 37.5506 0 0 0 18.6092 
67.8386 17.7854 0 36.9093 0 0 0 18.8197 
67.8476 17.7655 0 39.4056 0 0 0 18.8227 
67.8745 17.8233 0 36.6899 0 0 0 18.7519 
67.8775 17.959 0 37.3142 0 0 0 18.7359 
67.684 17.8193 0 36.3628 0 0 0 19.08 
67.9104 17.8443 0 38.88 0 0 0 18.8426 
69.1461 18.2711 0 39.257 0 0 0 19.5288 
68.06 17.8652 0 37.6862 0 0 0 18.9304 
67.9622 17.8882 0 37.1756 0 0 0 18.7987 
67.7927 17.7515 0 38.3824 0 0 0 19.0042 
67.8176 17.8114 0 38.0632 0 0 0 18.7808 
68.1029 17.7555 0 35.9598 0 0 0 18.8087 
67.8595 17.932 0 36.4276 0 0 0 20.6318 
67.9034 17.7934 0 34.9316 0 0 0 18.8276 
68.7481 18.0088 0 36.0326 0 0 0 19.0411 
68.058 17.8074 0 35.5509 0 0 0 18.8047 
67.692 17.8513 0 35.4303 0 0 0 19.3213 
67.7708 17.9241 0 34.5855 0 0 0 18.7838 
68.071 17.7954 0 34.9994 0 0 0 19.064 
67.9762 17.7924 0 33.0017 0 0 0 18.6023 
67.5015 17.8572 0 31.7012 0 0 0 18.7359 
67.7887 17.9191 0 34.5436 0 0 0 18.7339 
67.5394 17.8243 0 33.0696 0 0 0 20.199 
67.6092 17.7725 0 30.5144 0 0 0 18.6581 
67.3319 17.8044 0 33.5403 0 0 0 18.9743 
67.6421 17.7376 0 32.7783 0 0 0 18.7758 
67.5952 17.7894 0 36.7667 0 0 0 18.8765 
67.4945 17.8652 0 36.1503 0 0 0 18.9962 
67.2502 17.7475 0 34.6404 0 0 0 18.7538 
67.6012 17.6249 0 33.9342 0 0 0 18.7768 
67.9238 17.9246 0 35.4701 0 0 0 19.2725 
68.816 18.0298 0 34.9785 0 0 0 19.801 
68.3732 17.947 0 31.6808 0 0 0 20.1541 
67.697 17.7944 0 34.9416 0 0 0 19.3243 
67.5992 17.936 0 33.0117 0 0 0 19.7083 
67.3499 17.6837 0 34.3731 0 0 0 19.0371 
67.3688 17.8533 0 33.2611 0 0 0 18.9214 
66.6438 17.6957 0 31.5566 0 0 0 18.8965 
67.2148 18.0437 0 33.3089 0 0 0 18.9792 
67.2442 17.6229 0 31.5382 0 0 0 18.8935 
66.6587 17.9974 0 33.1035 0 0 0 19.1508 
70.1853 18.9005 0 33.9083 0 0 0 20.1461 
66.7365 17.4842 0 31.419 0 0 0 18.9673 
67.1943 17.8612 0 32.2278 0 0 0 20.192 
66.938 17.5411 0 29.932 0 0 0 18.7688 
66.4204 17.6917 0 33.2461 0 0 0 18.7399 
66.8133 17.7635 0 29.3046 0 0 0 19.6504 
66.943 17.6588 0 29.6996 0 0 0 18.6731 
66.563 17.5371 0 29.0633 0 0 0 19.6445 
66.3296 17.5411 0 32.6626 0 0 0 24.2651 
66.2319 17.4693 0 29.179 0 0 0 18.7548 
65.9756 17.5112 0 32.0503 0 0 0 18.9473 
66.4583 17.7964 0 29.5859 0 0 0 18.8306 
66.7914 17.5082 0 32.913 0 0 0 19.3622 
66.2119 17.6787 0 30.8076 0 0 0 18.9573 
66.6897 17.6139 0 31.0679 0 0 0 18.5893 
66.1561 17.4982 0 33.5642 0 0 0 18.678 
66.6857 17.7276 0 32.7195 0 0 0 19.0421 
66.6079 17.6189 0 32.6228 0 0 0 19.3832 
66.6757 17.7954 0 32.1031 0 0 0 19.0421 
66.8412 17.4942 0 31.8578 0 0 0 18.8356 
66.3805 17.6817 0 32.5839 0 0 0 19.082 
67.0656 17.5022 0 33.8265 0 0 0 18.7409 
66.3386 17.6707 0 32.909 0 0 0 18.8895 
66.7495 17.6638 0 33.4316 0 0 0 18.5594 
66.3386 17.5989 0 31.2684 0 0 0 18.7519 
66.8143 17.6488 0 34.6304 0 0 0 19.2515 
66.4752 17.6458 0 32.5599 0 0 0 19.4889 
